	lipid catabolic process	enzyme linked receptor protein signaling pathway	transmembrane receptor protein serine/threonine kinase signaling pathway	cell surface receptor signaling pathway	protein autophosphorylation	drug transmembrane transport	drug transport	organic acid transport	carboxylic acid transport	RNA modification	methylation	drug catabolic process
AT1G71695	0	0	0	0	0	0	0	0	0	0	0	0
AT3G15095	0	0	0	0	0	0	0	0	0	0	0	0
AT3G51950	0	0	0	0	0	0	0	0	0	0	0	0
AT2G34590	0	0	0	0	0	0	0	0	0	0	0	0
AT5G44670	0	0	0	0	0	0	0	0	0	0	0	0
AT5G52920	0	0	0	0	0	0	0	0	0	0	0	0
AT3G16950	0	0	0	0	0	0	0	0	0	0	0	0
AT4G31290	0	0	0	0	0	0	0	0	0	0	0	0
AT5G61330	0	0	0	0	0	0	0	0	0	0	0	0
AT1G62310	0	0	0	0	0	0	0	0	0	0	0	0
AT3G12120	0	0	0	0	0	0	0	0	0	0	0	0
AT3G57300	0	0	0	0	0	0	0	0	0	0	0	0
AT4G04610	0	0	0	0	0	0	0	0	0	0	0	0
AT3G49670	0	0	0	0	0	0	0	0	0	0	0	0
AT4G21960	0	0	0	0	0	0	0	0	0	0	0	0
AT5G26570	0	0	0	0	0	0	0	0	0	0	0	0
AT3G62700	0	0	0	0	0	0	0	0	0	0	0	0
AT2G39850	0	0	0	0	0	0	0	0	0	0	0	0
AT1G35516	0	0	0	0	0	0	0	0	0	0	0	0
AT5G35360	0	0	0	0	0	0	0	0	0	0	0	0
AT2G25620	0	0	0	0	0	0	0	0	0	0	0	0
AT1G34210	0	0	0	0	0	0	0	0	0	0	0	0
AT1G78020	0	0	0	0	0	0	0	0	0	0	0	0
AT2G34170	0	0	0	0	0	0	0	0	0	0	0	0
AT4G30710	0	0	0	0	0	0	0	0	0	0	0	0
AT4G39800	0	0	0	0	0	0	0	0	0	0	0	0
AT5G49100	0	0	0	0	0	0	0	0	0	0	0	0
AT5G16000	0	0	0	0	0	0	0	0	0	0	0	0
AT1G12750	0	0	0	0	0	0	0	0	0	0	0	0
AT3G57170	0	0	0	0	0	0	0	0	0	0	0	0
AT4G10030	0	0	0	0	0	0	0	0	0	0	0	0
AT5G62670	0	0	0	0	0	0	0	0	0	0	0	0
AT3G25560	0	0	0	0	0	0	0	0	0	0	0	0
AT2G22170	0	0	0	0	0	0	0	0	0	0	0	0
AT1G55360	0	0	0	0	0	0	0	0	0	0	0	0
AT3G14210	0	0	0	0	0	0	0	0	0	0	0	0
AT1G79440	0	0	0	0	0	0	0	0	0	0	0	0
AT5G01790	0	0	0	0	0	0	0	0	0	0	0	0
AT1G02110	0	0	0	0	0	0	0	0	0	0	0	0
AT2G45970	0	0	0	0	0	0	0	0	0	0	0	0
AT2G46710	0	0	0	0	0	0	0	0	0	0	0	0
AT5G67280	0	0	0	0	0	0	0	0	0	0	0	0
AT5G11420	0	0	0	0	0	0	0	0	0	0	0	0
AT5G21100	0	0	0	0	0	0	0	0	0	0	0	0
AT3G15950	0	0	0	0	0	0	0	0	0	0	0	0
AT3G61550	0	0	0	0	0	0	0	0	0	0	0	0
AT3G14810	0	0	0	0	0	0	0	0	0	0	0	0
AT4G18570	0	0	0	0	0	0	0	0	0	0	0	0
AT1G74090	0	0	0	0	0	0	0	0	0	0	0	0
AT4G13570	0	0	0	0	0	0	0	0	0	0	0	0
AT3G05020	0	0	0	0	0	0	0	0	0	0	0	0
AT5G54770	0	0	0	0	0	0	0	0	0	0	0	0
AT1G75710	0	0	0	0	0	0	0	0	0	0	0	0
AT1G55260	0	0	0	0	0	0	0	0	0	0	0	0
AT3G62750	0	0	0	0	0	0	0	0	0	0	0	0
AT2G46530	0	0	0	0	0	0	0	0	0	0	0	0
AT4G17730	0	0	0	0	0	0	0	0	0	0	0	0
AT5G03190	0	0	0	0	0	0	0	0	0	0	0	0
AT5G44660	0	0	0	0	0	0	0	0	0	0	0	0
AT2G22980	0	0	0	0	0	0	0	0	0	0	0	0
AT1G74880	0	0	0	0	0	0	0	0	0	0	0	0
AT3G05220	0	0	0	0	0	0	0	0	0	0	0	0
AT2G28150	0	0	0	0	0	0	0	0	0	0	0	0
AT5G67260	0	0	0	0	0	0	0	0	0	0	0	0
AT5G18460	0	0	0	0	0	0	0	0	0	0	0	0
AT1G48600	0	0	0	0	0	0	0	0	0	0	0	0
AT5G46690	0	0	0	0	0	0	0	0	0	0	0	0
AT2G35130	0	0	0	0	0	0	0	0	0	0	0	0
AT1G23080	0	0	0	0	0	0	0	0	0	0	0	0
AT1G25425	0	0	0	0	0	0	0	0	0	0	0	0
AT1G14840	0	0	0	0	0	0	0	0	0	0	0	0
AT4G23670	0	0	0	0	0	0	0	0	0	0	0	0
AT5G61420	0	0	0	0	0	0	0	0	0	0	0	0
AT2G24530	0	0	0	0	0	0	0	0	0	0	0	0
AT1G50280	0	0	0	0	0	0	0	0	0	0	0	0
AT5G65700	0	0	0	0	0	0	0	0	0	0	0	0
AT3G47675	0	0	0	0	0	0	0	0	0	0	0	0
AT3G05800	0	0	0	0	0	0	0	0	0	0	0	0
AT1G09140	0	0	0	0	0	0	0	0	0	0	0	0
AT2G17300	0	0	0	0	0	0	0	0	0	0	0	0
AT1G15180	0	0	0	0	0	0	0	0	0	0	0	0
AT5G50170	0	0	0	0	0	0	0	0	0	0	0	0
AT5G65310	0	0	0	0	0	0	0	0	0	0	0	0
AT4G00900	0	0	0	0	0	0	0	0	0	0	0	0
AT1G73600	0	0	0	0	0	0	0	0	0	0	0	0
AT2G43920	0	0	0	0	0	0	0	0	0	0	0	0
AT3G63450	0	0	0	0	0	0	0	0	0	0	0	0
AT1G26920	0	0	0	0	0	0	0	0	0	0	0	0
AT2G17650	0	0	0	0	0	0	0	0	0	0	0	0
AT1G18360	0	0	0	0	0	0	0	0	0	0	0	0
AT5G46240	0	0	0	0	0	0	0	0	0	0	0	0
AT5G25980	0	0	0	0	0	0	0	0	0	0	0	0
AT1G67590	0	0	0	0	0	0	0	0	0	0	0	0
AT5G18860	0	0	0	0	0	0	0	0	0	0	0	0
AT2G42170	0	0	0	0	0	0	0	0	0	0	0	0
AT4G20070	0	0	0	0	0	0	0	0	0	0	0	0
AT4G38770	0	0	0	0	0	0	0	0	0	0	0	0
AT3G19820	0	0	0	0	0	0	0	0	0	0	0	0
AT1G54200	0	0	0	0	0	0	0	0	0	0	0	0
AT5G23750	0	0	0	0	0	0	0	0	0	0	0	0
AT5G53420	0	0	0	0	0	0	0	0	0	0	0	0
AT1G63420	0	0	0	0	0	0	0	0	0	0	0	0
AT1G80640	0	0	0	0	0	0	0	0	0	0	0	0
AT3G09540	0	0	0	0	0	0	0	0	0	0	0	0
AT1G71990	0	0	0	0	0	0	0	0	0	0	0	0
AT5G66460	0	0	0	0	0	0	0	0	0	0	0	0
AT1G45010	0	0	0	0	0	0	0	0	0	0	0	0
AT1G48780	0	0	0	0	0	0	0	0	0	0	0	0
AT2G39250	0	0	0	0	0	0	0	0	0	0	0	0
AT3G21750	0	0	0	0	0	0	0	0	0	0	0	0
AT4G15450	0	0	0	0	0	0	0	0	0	0	0	0
AT1G01300	0	0	0	0	0	0	0	0	0	0	0	0
AT4G29720	0	0	0	0	0	0	0	0	0	0	0	0
AT3G25700	0	0	0	0	0	0	0	0	0	0	0	0
AT5G23170	0	0	0	0	0	0	0	0	0	0	0	0
AT4G16680	0	0	0	0	0	0	0	0	0	0	0	0
AT3G51480	0	0	0	0	0	0	0	0	0	0	0	0
AT3G02370	0	0	0	0	0	0	0	0	0	0	0	0
AT3G27250	0	0	0	0	0	0	0	0	0	0	0	0
AT1G32240	0	0	0	0	0	0	0	0	0	0	0	0
AT1G63240	0	0	0	0	0	0	0	0	0	0	0	0
AT2G44940	0	0	0	0	0	0	0	0	0	0	0	0
AT5G56040	0	0	0	0	0	0	0	0	0	0	0	0
AT4G01120	0	0	0	0	0	0	0	0	0	0	0	0
AT2G41330	0	0	0	0	0	0	0	0	0	0	0	0
AT1G09310	0	0	0	0	0	0	0	0	0	0	0	0
AT5G13240	0	0	0	0	0	0	0	0	0	0	0	0
AT4G02430	0	0	0	0	0	0	0	0	0	0	0	0
AT4G18670	0	0	0	0	0	0	0	0	0	0	0	0
AT1G77280	0	0	0	0	0	0	0	0	0	0	0	0
AT4G12880	0	0	0	0	0	0	0	0	0	0	0	0
AT5G03830	0	0	0	0	0	0	0	0	0	0	0	0
AT5G61480	0	0	0	0	0	0	0	0	0	0	0	0
AT1G30530	0	0	0	0	0	0	0	0	0	0	0	0
AT1G80300	0	0	0	0	0	0	0	0	0	0	0	0
AT3G11490	0	0	0	0	0	0	0	0	0	0	0	0
AT3G50660	0	0	0	0	0	0	0	0	0	0	0	0
AT3G19100	0	0	0	0	0	0	0	0	0	0	0	0
AT3G25570	0	0	0	0	0	0	0	0	0	0	0	0
AT2G40475	0	0	0	0	0	0	0	0	0	0	0	0
AT5G62220	0	0	0	0	0	0	0	0	0	0	0	0
AT4G14040	0	0	0	0	0	0	0	0	0	0	0	0
AT3G06130	0	0	0	0	0	0	0	0	0	0	0	0
AT1G61970	0	0	0	0	0	0	0	0	0	0	0	0
AT4G00180	0	0	0	0	0	0	0	0	0	0	0	0
AT5G16720	0	0	0	0	0	0	0	0	0	0	0	0
AT3G49260	0	0	0	0	0	0	0	0	0	0	0	0
AT3G03450	0	0	0	0	0	0	0	0	0	0	0	0
AT1G79460	0	0	0	0	0	0	0	0	0	0	0	0
AT4G23600	0	0	0	0	0	0	0	0	0	0	0	0
AT1G70550	0	0	0	0	0	0	0	0	0	0	0	0
AT3G04140	0	0	0	0	0	0	0	0	0	0	0	0
AT1G05010	0	0	0	0	0	0	0	0	0	0	0	0
AT1G18650	0	0	0	0	0	0	0	0	0	0	0	0
AT4G17680	0	0	0	0	0	0	0	0	0	0	0	0
AT2G45470	0	0	0	0	0	0	0	0	0	0	0	0
AT3G04160	0	0	0	0	0	0	0	0	0	0	0	0
AT1G64780	0	0	0	0	0	0	0	0	0	0	0	0
AT3G21250	0	0	0	0	0	0	0	0	0	0	0	0
AT4G34650	0	0	0	0	0	0	0	0	0	0	0	0
AT5G11550	0	0	0	0	0	0	0	0	0	0	0	0
AT4G13840	0	0	0	0	0	0	0	0	0	0	0	0
AT3G56370	0	0	0	0	0	0	0	0	0	0	0	0
AT3G05880	0	0	0	0	0	0	0	0	0	0	0	0
AT1G27030	0	0	0	0	0	0	0	0	0	0	0	0
AT5G48360	0	0	0	0	0	0	0	0	0	0	0	0
AT4G09500	0	0	0	0	0	0	0	0	0	0	0	0
AT1G76490	0	0	0	0	0	0	0	0	0	0	0	0
AT4G13990	0	0	0	0	0	0	0	0	0	0	0	0
AT4G30650	0	0	0	0	0	0	0	0	0	0	0	0
AT1G45201	0	0	0	0	0	0	0	0	0	0	0	0
AT3G16370	0	0	0	0	0	0	0	0	0	0	0	0
AT5G50370	0	0	0	0	0	0	0	0	0	0	0	0
AT5G02190	0	0	0	0	0	0	0	0	0	0	0	0
AT2G22230	0	0	0	0	0	0	0	0	0	0	0	0
AT4G21650	0	0	0	0	0	0	0	0	0	0	0	0
AT3G20810	0	0	0	0	0	0	0	0	0	0	0	0
AT5G62100	0	0	0	0	0	0	0	0	0	0	0	0
AT4G23750	0	0	0	0	0	0	0	0	0	0	0	0
AT2G38400	0	0	0	0	0	0	0	0	0	0	0	0
AT3G21560	0	0	0	0	0	0	0	0	0	0	0	0
AT2G43200	0	0	0	0	0	0	0	0	0	0	0	0
AT1G66350	0	0	0	0	0	0	0	0	0	0	0	0
AT1G65010	0	0	0	0	0	0	0	0	0	0	0	0
AT5G13750	0	0	0	0	0	0	0	0	0	0	0	0
AT5G62430	0	0	0	0	0	0	0	0	0	0	0	0
AT5G60890	0	0	0	0	0	0	0	0	0	0	0	0
AT1G78170	0	0	0	0	0	0	0	0	0	0	0	0
AT4G30660	0	0	0	0	0	0	0	0	0	0	0	0
AT4G23490	0	0	0	0	0	0	0	0	0	0	0	0
AT2G31790	0	0	0	0	0	0	0	0	0	0	0	0
AT1G26230	0	0	0	0	0	0	0	0	0	0	0	0
AT2G42920	0	0	0	0	0	0	0	0	0	0	0	0
AT3G05030	0	0	0	0	0	0	0	0	0	0	0	0
AT1G78680	0	0	0	0	0	0	0	0	0	0	0	0
AT1G66100	0	0	0	0	0	0	0	0	0	0	0	0
AT3G21270	0	0	0	0	0	0	0	0	0	0	0	0
AT1G32470	0	0	0	0	0	0	0	0	0	0	0	0
AT2G30540	0	0	0	0	0	0	0	0	0	0	0	0
AT5G67200	0	0	0	0	0	0	0	0	0	0	0	0
AT4G33625	0	0	0	0	0	0	0	0	0	0	0	0
AT5G22460	0	0	0	0	0	0	0	0	0	0	0	0
AT3G15620	0	0	0	0	0	0	0	0	0	0	0	0
AT5G41620	0	0	0	0	0	0	0	0	0	0	0	0
AT2G42980	0	0	0	0	0	0	0	0	0	0	0	0
AT5G64640	0	0	0	0	0	0	0	0	0	0	0	0
AT3G57040	0	0	0	0	0	0	0	0	0	0	0	0
AT4G30020	0	0	0	0	0	0	0	0	0	0	0	0
AT4G36240	0	0	0	0	0	0	0	0	0	0	0	0
AT1G59840	0	0	0	0	0	0	0	0	0	0	0	0
AT3G45443	0	0	0	0	0	0	0	0	0	0	0	0
AT4G27595	0	0	0	0	0	0	0	0	0	0	0	0
AT5G02670	0	0	0	0	0	0	0	0	0	0	0	0
AT1G78370	0	0	0	0	0	0	0	0	0	0	0	0
AT2G39180	0	0	0	0	0	0	0	0	0	0	0	0
AT5G37790	0	0	0	0	0	0	0	0	0	0	0	0
AT1G55810	0	0	0	0	0	0	0	0	0	0	0	0
AT4G00400	0	0	0	0	0	0	0	0	0	0	0	0
AT2G24220	0	0	0	0	0	0	0	0	0	0	0	0
AT4G21550	0	0	0	0	0	0	0	0	0	0	0	0
AT4G36180	0	0	0	0	0	0	0	0	0	0	0	0
AT1G68600	0	0	0	0	0	0	0	0	0	0	0	0
AT4G34220	0	0	0	0	0	0	0	0	0	0	0	0
AT5G64620	0	0	0	0	0	0	0	0	0	0	0	0
AT1G62290	0	0	0	0	0	0	0	0	0	0	0	0
AT2G34490	0	0	0	0	0	0	0	0	0	0	0	0
AT2G28470	0	0	0	0	0	0	0	0	0	0	0	0
AT5G06710	0	0	0	0	0	0	0	0	0	0	0	0
AT4G13770	0	0	0	0	0	0	0	0	0	0	0	0
AT3G17790	0	0	0	0	0	0	0	0	0	0	0	0
AT4G38300	0	0	0	0	0	0	0	0	0	0	0	0
AT4G21990	0	0	0	0	0	0	0	0	0	0	0	0
AT1G32120	0	0	0	0	0	0	0	0	0	0	0	0
AT2G31150	0	0	0	0	0	0	0	0	0	0	0	0
AT5G06270	0	0	0	0	0	0	0	0	0	0	0	0
AT3G53100	0	0	0	0	0	0	0	0	0	0	0	0
AT3G59320	0	0	0	0	0	0	0	0	0	0	0	0
AT5G19740	0	0	0	0	0	0	0	0	0	0	0	0
AT3G63200	0	0	0	0	0	0	0	0	0	0	0	0
AT5G58600	0	0	0	0	0	0	0	0	0	0	0	0
AT2G19860	0	0	0	0	0	0	0	0	0	0	0	0
AT3G59330	0	0	0	0	0	0	0	0	0	0	0	0
AT5G15970	0	0	0	0	0	0	0	0	0	0	0	0
AT1G54040	0	0	0	0	0	0	0	0	0	0	0	0
AT1G62050	0	0	0	0	0	0	0	0	0	0	0	0
AT2G10940	0	0	0	0	0	0	0	0	0	0	0	0
AT5G64770	0	0	0	0	0	0	0	0	0	0	0	0
AT3G59010	0	0	0	0	0	0	0	0	0	0	0	0
AT3G55580	0	0	0	0	0	0	0	0	0	0	0	0
AT5G14650	0	0	0	0	0	0	0	0	0	0	0	0
AT5G13290	0	0	0	0	0	0	0	0	0	0	0	0
AT4G34610	0	0	0	0	0	0	0	0	0	0	0	0
AT3G02510	0	0	0	0	0	0	0	0	0	0	0	0
AT5G48500	0	0	0	0	0	0	0	0	0	0	0	0
AT2G34180	0	0	0	0	0	0	0	0	0	0	0	0
AT3G28130	0	0	0	0	0	0	0	0	0	0	0	0
AT5G03760	0	0	0	0	0	0	0	0	0	0	0	0
AT5G61570	0	0	0	0	0	0	0	0	0	0	0	0
AT1G68220	0	0	0	0	0	0	0	0	0	0	0	0
AT3G54910	0	0	0	0	0	0	0	0	0	0	0	0
AT3G06035	0	0	0	0	0	0	0	0	0	0	0	0
AT4G17770	0	0	0	0	0	0	0	0	0	0	0	0
AT2G01990	0	0	0	0	0	0	0	0	0	0	0	0
AT3G20015	0	0	0	0	0	0	0	0	0	0	0	0
AT3G45160	0	0	0	0	0	0	0	0	0	0	0	0
AT1G12460	0	0	0	0	0	0	0	0	0	0	0	0
AT5G26220	0	0	0	0	0	0	0	0	0	0	0	0
AT1G72130	0	0	0	0	0	0	0	0	0	0	0	0
AT4G21410	0	0	0	0	0	0	0	0	0	0	0	0
AT3G10080	0	0	0	0	0	0	0	0	0	0	0	0
AT1G70790	0	0	0	0	0	0	0	0	0	0	0	0
AT3G53240	0	0	0	0	0	0	0	0	0	0	0	0
AT5G14210	0	0	0	0	0	0	0	0	0	0	0	0
AT4G05631	0	0	0	0	0	0	0	0	0	0	0	0
AT1G13740	0	0	0	0	0	0	0	0	0	0	0	0
AT1G68862	0	0	0	0	0	0	0	0	0	0	0	0
AT5G18290	0	0	0	0	0	0	0	0	0	0	0	0
AT1G71790	0	0	0	0	0	0	0	0	0	0	0	0
AT1G18773	0	0	0	0	0	0	0	0	0	0	0	0
AT5G08600	0	0	0	0	0	0	0	0	0	0	0	0
AT4G14096	0	0	0	0	0	0	0	0	0	0	0	0
AT4G14550	0	0	0	0	0	0	0	0	0	0	0	0
AT5G48900	0	0	0	0	0	0	0	0	0	0	0	0
AT4G38530	0	0	0	0	0	0	0	0	0	0	0	0
AT1G05360	0	0	0	0	0	0	0	0	0	0	0	0
AT2G38460	0	0	0	0	0	0	0	0	0	0	0	0
AT1G50270	0	0	0	0	0	0	0	0	0	0	0	0
AT5G60300	0	0	0	0	0	0	0	0	0	0	0	0
AT1G21440	0	0	0	0	0	0	0	0	0	0	0	0
AT5G67180	0	0	0	0	0	0	0	0	0	0	0	0
AT2G37790	0	0	0	0	0	0	0	0	0	0	0	0
AT1G07780	0	0	0	0	0	0	0	0	0	0	0	0
AT2G30070	0	0	0	0	0	0	0	0	0	0	0	0
AT2G35700	0	0	0	0	0	0	0	0	0	0	0	0
AT3G18090	0	0	0	0	0	0	0	0	0	0	0	0
AT4G28020	0	0	0	0	0	0	0	0	0	0	0	0
AT1G52400	0	0	0	0	0	0	0	0	0	0	0	0
AT4G02810	0	0	0	0	0	0	0	0	0	0	0	0
AT5G18030	0	0	0	0	0	0	0	0	0	0	0	0
AT1G62560	0	0	0	0	0	0	0	0	0	0	0	0
AT1G04240	0	0	0	0	0	0	0	0	0	0	0	0
AT1G48100	0	0	0	0	0	0	0	0	0	0	0	0
AT5G26000	0	0	0	0	0	0	0	0	0	0	0	0
AT2G21540	0	0	0	0	0	0	0	0	0	0	0	0
AT3G55500	0	0	0	0	0	0	0	0	0	0	0	0
AT5G60100	0	0	0	0	0	0	0	0	0	0	0	0
AT3G58990	0	0	0	0	0	0	0	0	0	0	0	0
AT3G17120	0	0	0	0	0	0	0	0	0	0	0	0
AT2G21210	0	0	0	0	0	0	0	0	0	0	0	0
AT1G68870	0	0	0	0	0	0	0	0	0	0	0	0
AT1G45229	0	0	0	0	0	0	0	0	0	0	0	0
AT5G01075	0	0	0	0	0	0	0	0	0	0	0	0
AT4G17460	0	0	0	0	0	0	0	0	0	0	0	0
AT3G52670	0	0	0	0	0	0	0	0	0	0	0	0
AT1G55690	0	0	0	0	0	0	0	0	0	0	0	0
AT3G47420	0	0	0	0	0	0	0	0	0	0	0	0
AT5G10160	0	0	0	0	0	0	0	0	0	0	0	0
AT2G12462	0	0	0	0	0	0	0	0	0	0	0	0
AT3G25290	0	0	0	0	0	0	0	0	0	0	0	0
AT3G56960	0	0	0	0	0	0	0	0	0	0	0	0
AT1G10060	0	0	0	0	0	0	0	0	0	0	0	0
AT3G08660	0	0	0	0	0	0	0	0	0	0	0	0
AT5G47800	0	0	0	0	0	0	0	0	0	0	0	0
AT1G12010	0	0	0	0	0	0	0	0	0	0	0	0
AT3G57830	0	0	0	0	0	0	0	0	0	0	0	0
AT4G17880	0	0	0	0	0	0	0	0	0	0	0	0
AT1G05870	0	0	0	0	0	0	0	0	0	0	0	0
AT1G06550	0	0	0	0	0	0	0	0	0	0	0	0
AT1G14350	0	0	0	0	0	0	0	0	0	0	0	0
AT2G22900	0	0	0	0	0	0	0	0	0	0	0	0
AT1G53250	0	0	0	0	0	0	0	0	0	0	0	0
AT5G20150	0	0	0	0	0	0	0	0	0	0	0	0
AT4G14680	0	0	0	0	0	0	0	0	0	0	0	0
AT3G52370	0	0	0	0	0	0	0	0	0	0	0	0
AT3G19370	0	0	0	0	0	0	0	0	0	0	0	0
AT4G35900	0	0	0	0	0	0	0	0	0	0	0	0
AT1G54050	0	0	0	0	0	0	0	0	0	0	0	0
AT5G15950	0	0	0	0	0	0	0	0	0	0	0	0
AT1G64390	0	0	0	0	0	0	0	0	0	0	0	0
AT1G32583	0	0	0	0	0	0	0	0	0	0	0	0
AT5G18930	0	0	0	0	0	0	0	0	0	0	0	0
AT2G41820	0	0	0	0	0	0	0	0	0	0	0	0
AT3G03840	0	0	0	0	0	0	0	0	0	0	0	0
AT4G15440	0	0	0	0	0	0	0	0	0	0	0	0
AT4G32290	0	0	0	0	0	0	0	0	0	0	0	0
AT5G19530	0	0	0	0	0	0	0	0	0	0	0	0
AT1G13920	0	0	0	0	0	0	0	0	0	0	0	0
AT3G26700	0	0	0	0	0	0	0	0	0	0	0	0
AT2G35860	0	0	0	0	0	0	0	0	0	0	0	0
AT5G43950	0	0	0	0	0	0	0	0	0	0	0	0
AT3G61750	0	0	0	0	0	0	0	0	0	0	0	0
AT1G27420	0	0	0	0	0	0	0	0	0	0	0	0
AT2G02780	0	0	0	0	0	0	0	0	0	0	0	0
AT4G37980	0	0	0	0	0	0	0	0	0	0	0	0
AT1G58150	0	0	0	0	0	0	0	0	0	0	0	0
AT3G49650	0	0	0	0	0	0	0	0	0	0	0	0
AT2G28900	0	0	0	0	0	0	0	0	0	0	0	0
AT2G23560	0	0	0	0	0	0	0	0	0	0	0	0
AT2G29550	0	0	0	0	0	0	0	0	0	0	0	0
AT2G44670	0	0	0	0	0	0	0	0	0	0	0	0
AT5G03170	0	0	0	0	0	0	0	0	0	0	0	0
AT2G15050	0	0	0	0	0	0	0	0	0	0	0	0
AT5G52570	0	0	0	0	0	0	0	0	0	0	0	0
AT1G56210	0	0	0	0	0	0	0	0	0	0	0	0
AT3G58720	0	0	0	0	0	0	0	0	0	0	0	0
AT4G23020	0	0	0	0	0	0	0	0	0	0	0	0
AT2G41050	0	0	0	0	0	0	0	0	0	0	0	0
AT4G10770	0	0	0	0	0	0	0	0	0	0	0	0
AT3G54390	0	0	0	0	0	0	0	0	0	0	0	0
AT2G28200	0	0	0	0	0	0	0	0	0	0	0	0
AT5G12080	0	0	0	0	0	0	0	0	0	0	0	0
AT2G43535	0	0	0	0	0	0	0	0	0	0	0	0
AT5G44530	0	0	0	0	0	0	0	0	0	0	0	0
AT3G15570	0	0	0	0	0	0	0	0	0	0	0	0
AT4G20870	0	0	0	0	0	0	0	0	0	0	0	0
AT2G37900	0	0	0	0	0	0	0	0	0	0	0	0
AT1G68780	0	0	0	0	0	0	0	0	0	0	0	0
AT5G15740	0	0	0	0	0	0	0	0	0	0	0	0
AT5G24105	0	0	0	0	0	0	0	0	0	0	0	0
AT1G52700	0	0	0	0	0	0	0	0	0	0	0	0
AT5G11590	0	0	0	0	0	0	0	0	0	0	0	0
AT1G67400	0	0	0	0	0	0	0	0	0	0	0	0
AT3G15400	0	0	0	0	0	0	0	0	0	0	0	0
AT1G29450	0	0	0	0	0	0	0	0	0	0	0	0
AT1G76610	0	0	0	0	0	0	0	0	0	0	0	0
AT4G17360	0	0	0	0	0	0	0	0	0	0	0	0
AT3G53380	0	0	0	0	0	0	0	0	0	0	0	0
AT5G62920	0	0	0	0	0	0	0	0	0	0	0	0
AT1G70895	0	0	0	0	0	0	0	0	0	0	0	0
AT2G16990	0	0	0	0	0	0	0	0	0	0	0	0
AT2G42540	0	0	0	0	0	0	0	0	0	0	0	0
AT5G25590	0	0	0	0	0	0	0	0	0	0	0	0
AT5G25475	0	0	0	0	0	0	0	0	0	0	0	0
AT4G16447	0	0	0	0	0	0	0	0	0	0	0	0
AT1G12090	0	0	0	0	0	0	0	0	0	0	0	0
AT3G18850	0	0	0	0	0	0	0	0	0	0	0	0
AT1G02180	0	0	0	0	0	0	0	0	0	0	0	0
AT2G28410	0	0	0	0	0	0	0	0	0	0	0	0
AT2G21560	0	0	0	0	0	0	0	0	0	0	0	0
AT2G21660	0	0	0	0	0	0	0	0	0	0	0	0
AT5G13870	0	0	0	0	0	0	0	0	0	0	0	0
AT2G29730	0	0	0	0	0	0	0	0	0	0	0	0
AT1G01380	0	0	0	0	0	0	0	0	0	0	0	0
AT5G19090	0	0	0	0	0	0	0	0	0	0	0	0
AT5G44040	0	0	0	0	0	0	0	0	0	0	0	0
AT1G13150	0	0	0	0	0	0	0	0	0	0	0	0
AT2G25964	0	0	0	0	0	0	0	0	0	0	0	0
AT1G32900	0	0	0	0	0	0	0	0	0	0	0	0
AT5G45830	0	0	0	0	0	0	0	0	0	0	0	0
AT3G47750	0	0	0	0	0	0	0	0	0	0	0	0
AT3G56620	0	0	0	0	0	0	0	0	0	0	0	0
AT1G61860	0	0	0	0	0	0	0	0	0	0	0	0
AT4G18290	0	0	0	0	0	0	0	0	0	0	0	0
AT2G01505	0	0	0	0	0	0	0	0	0	0	0	0
AT2G40670	0	0	0	0	0	0	0	0	0	0	0	0
AT3G16360	0	0	0	0	0	0	0	0	0	0	0	0
AT5G54530	0	0	0	0	0	0	0	0	0	0	0	0
AT4G20930	0	0	0	0	0	0	0	0	0	0	0	0
AT2G43100	0	0	0	0	0	0	0	0	0	0	0	0
AT5G26230	0	0	0	0	0	0	0	0	0	0	0	0
AT5G55400	0	0	0	0	0	0	0	0	0	0	0	0
AT4G24790	0	0	0	0	0	0	0	0	0	0	0	0
AT2G18050	0	0	0	0	0	0	0	0	0	0	0	0
AT2G16750	0	0	0	0	0	0	0	0	0	0	0	0
AT5G65640	0	0	0	0	0	0	0	0	0	0	0	0
AT2G21080	0	0	0	0	0	0	0	0	0	0	0	0
AT4G34160	0	0	0	0	0	0	0	0	0	0	0	0
AT1G07440	0	0	0	0	0	0	0	0	0	0	0	0
AT4G11310	0	0	0	0	0	0	0	0	0	0	0	0
AT5G10800	0	0	0	0	0	0	0	0	0	0	0	0
AT2G13610	0	0	0	0	0	0	0	0	0	0	0	0
AT3G14360	0	0	0	0	0	0	0	0	0	0	0	0
AT2G40435	0	0	0	0	0	0	0	0	0	0	0	0
AT3G54830	0	0	0	0	0	0	0	0	0	0	0	0
AT3G03910	0	0	0	0	0	0	0	0	0	0	0	0
AT3G25710	0	0	0	0	0	0	0	0	0	0	0	0
AT4G00820	0	0	0	0	0	0	0	0	0	0	0	0
AT4G11211	0	0	0	0	0	0	0	0	0	0	0	0
AT5G44030	0	0	0	0	0	0	0	0	0	0	0	0
AT3G06145	0	0	0	0	0	0	0	0	0	0	0	0
AT3G50890	0	0	0	0	0	0	0	0	0	0	0	0
AT5G05160	0	0	0	0	0	0	0	0	0	0	0	0
AT1G62540	0	0	0	0	0	0	0	0	0	0	0	0
AT5G60290	0	0	0	0	0	0	0	0	0	0	0	0
AT5G23010	0	0	0	0	0	0	0	0	0	0	0	0
AT1G72530	0	0	0	0	0	0	0	0	0	0	0	0
AT4G11911	0	0	0	0	0	0	0	0	0	0	0	0
AT4G25707	0	0	0	0	0	0	0	0	0	0	0	0
AT1G03990	0	0	0	0	0	0	0	0	0	0	0	0
AT5G57565	0	0	0	0	0	0	0	0	0	0	0	0
AT1G73590	0	0	0	0	0	0	0	0	0	0	0	0
AT1G04360	0	0	0	0	0	0	0	0	0	0	0	0
AT1G17650	0	0	0	0	0	0	0	0	0	0	0	0
AT5G21430	0	0	0	0	0	0	0	0	0	0	0	0
AT1G65370	0	0	0	0	0	0	0	0	0	0	0	0
AT5G50335	0	0	0	0	0	0	0	0	0	0	0	0
AT5G14200	0	0	0	0	0	0	0	0	0	0	0	0
AT5G50740	0	0	0	0	0	0	0	0	0	0	0	0
AT4G10400	0	0	0	0	0	0	0	0	0	0	0	0
AT5G07690	0	0	0	0	0	0	0	0	0	0	0	0
AT1G76620	0	0	0	0	0	0	0	0	0	0	0	0
AT5G61290	0	0	0	0	0	0	0	0	0	0	0	0
AT4G38380	0	0	0	0	0	0	0	0	0	0	0	0
AT3G28170	0	0	0	0	0	0	0	0	0	0	0	0
AT1G66430	0	0	0	0	0	0	0	0	0	0	0	0
AT4G21060	0	0	0	0	0	0	0	0	0	0	0	0
AT4G08685	0	0	0	0	0	0	0	0	0	0	0	0
AT5G51460	0	0	0	0	0	0	0	0	0	0	0	0
AT1G64640	0	0	0	0	0	0	0	0	0	0	0	0
AT4G31590	0	0	0	0	0	0	0	0	0	0	0	0
AT1G77110	0	0	0	0	0	0	0	0	0	0	0	0
AT4G21910	0	0	0	0	0	0	0	0	0	0	0	0
AT1G49490	0	0	0	0	0	0	0	0	0	0	0	0
AT1G01250	0	0	0	0	0	0	0	0	0	0	0	0
AT1G03270	0	0	0	0	0	0	0	0	0	0	0	0
AT2G02020	0	0	0	0	0	0	0	0	0	0	0	0
AT1G19570	0	0	0	0	0	0	0	0	0	0	0	0
AT3G06770	0	0	0	0	0	0	0	0	0	0	0	0
AT4G00380	0	0	0	0	0	0	0	0	0	0	0	0
AT4G03205	0	0	0	0	0	0	0	0	0	0	0	0
AT3G55110	0	0	0	0	0	0	0	0	0	0	0	0
AT5G01200	0	0	0	0	0	0	0	0	0	0	0	0
AT1G01700	0	0	0	0	0	0	0	0	0	0	0	0
AT1G23060	0	0	0	0	0	0	0	0	0	0	0	0
AT5G04530	0	0	0	0	0	0	0	0	0	0	0	0
AT5G52320	0	0	0	0	0	0	0	0	0	0	0	0
AT3G09550	0	0	0	0	0	0	0	0	0	0	0	0
AT3G26460	0	0	0	0	0	0	0	0	0	0	0	0
AT1G11700	0	0	0	0	0	0	0	0	0	0	0	0
AT1G56670	0	0	0	0	0	0	0	0	0	0	0	0
AT2G47780	0	0	0	0	0	0	0	0	0	0	0	0
AT4G03210	0	0	0	0	0	0	0	0	0	0	0	0
AT4G03010	0	0	0	0	0	0	0	0	0	0	0	0
AT5G49120	0	0	0	0	0	0	0	0	0	0	0	0
AT5G27450	0	0	0	0	0	0	0	0	0	0	0	0
AT3G16400	0	0	0	0	0	0	0	0	0	0	0	0
AT1G06980	0	0	0	0	0	0	0	0	0	0	0	0
AT1G48480	0	0	0	0	0	0	0	0	0	0	0	0
AT1G75450	0	0	0	0	0	0	0	0	0	0	0	0
AT3G62690	0	0	0	0	0	0	0	0	0	0	0	0
AT1G62870	0	0	0	0	0	0	0	0	0	0	0	0
AT5G66052	0	0	0	0	0	0	0	0	0	0	0	0
AT1G31770	0	0	0	0	0	0	0	0	0	0	0	0
AT5G62890	0	0	0	0	0	0	0	0	0	0	0	0
AT5G07460	0	0	0	0	0	0	0	0	0	0	0	0
AT3G11550	0	0	0	0	0	0	0	0	0	0	0	0
AT5G63160	0	0	0	0	0	0	0	0	0	0	0	0
AT1G69970	0	0	0	0	0	0	0	0	0	0	0	0
AT1G74810	0	0	0	0	0	0	0	0	0	0	0	0
AT3G56360	0	0	0	0	0	0	0	0	0	0	0	0
AT1G08730	0	0	0	0	0	0	0	0	0	0	0	0
AT2G44300	0	0	0	0	0	0	0	0	0	0	0	0
AT5G11460	0	0	0	0	0	0	0	0	0	0	0	0
AT5G45650	0	0	0	0	0	0	0	0	0	0	0	0
AT5G28490	0	0	0	0	0	0	0	0	0	0	0	0
AT1G52410	0	0	0	0	0	0	0	0	0	0	0	0
AT3G17130	0	0	0	0	0	0	0	0	0	0	0	0
AT4G15550	0	0	0	0	0	0	0	0	0	0	0	0
AT5G67150	0	0	0	0	0	0	0	0	0	0	0	0
AT1G60270	0	0	0	0	0	0	0	0	0	0	0	0
AT1G75120	0	0	0	0	0	0	0	0	0	0	0	0
AT1G54020	0	0	0	0	0	0	0	0	0	0	0	0
AT4G22790	0	0	0	0	0	0	0	0	0	0	0	0
AT1G01900	0	0	0	0	0	0	0	0	0	0	0	0
AT4G16140	0	0	0	0	0	0	0	0	0	0	0	0
AT2G29980	0	0	0	0	0	0	0	0	0	0	0	0
AT5G57880	0	0	0	0	0	0	0	0	0	0	0	0
AT4G36360	0	0	0	0	0	0	0	0	0	0	0	0
AT5G43745	0	0	0	0	0	0	0	0	0	0	0	0
AT4G09160	0	0	0	0	0	0	0	0	0	0	0	0
AT5G51560	0	0	0	0	0	0	0	0	0	0	0	0
AT3G54600	0	0	0	0	0	0	0	0	0	0	0	0
AT2G34925	0	0	0	0	0	0	0	0	0	0	0	0
AT3G52170	0	0	0	0	0	0	0	0	0	0	0	0
AT1G12860	0	0	0	0	0	0	0	0	0	0	0	0
AT5G62720	0	0	0	0	0	0	0	0	0	0	0	0
AT5G23660	0	0	0	0	0	0	0	0	0	0	0	0
AT1G25450	0	0	0	0	0	0	0	0	0	0	0	0
AT2G14520	0	0	0	0	0	0	0	0	0	0	0	0
AT2G46660	0	0	0	0	0	0	0	0	0	0	0	0
AT3G05690	0	0	0	0	0	0	0	0	0	0	0	0
AT1G33480	0	0	0	0	0	0	0	0	0	0	0	0
AT2G28790	0	0	0	0	0	0	0	0	0	0	0	0
AT2G42530	0	0	0	0	0	0	0	0	0	0	0	0
AT5G41070	0	0	0	0	0	0	0	0	0	0	0	0
AT1G64625	0	0	0	0	0	0	0	0	0	0	0	0
AT4G16750	0	0	0	0	0	0	0	0	0	0	0	0
AT3G46970	0	0	0	0	0	0	0	0	0	0	0	0
AT1G69523	0	0	0	0	0	0	0	0	0	0	0	0
AT2G22730	0	0	0	0	0	0	0	0	0	0	0	0
AT4G22560	0	0	0	0	0	0	0	0	0	0	0	0
AT4G11450	0	0	0	0	0	0	0	0	0	0	0	0
AT2G02130	0	0	0	0	0	0	0	0	0	0	0	0
AT1G69040	0	0	0	0	0	0	0	0	0	0	0	0
AT2G32990	0	0	0	0	0	0	0	0	0	0	0	0
AT1G80080	0	0	0	0	0	0	0	0	0	0	0	0
AT4G12970	0	0	0	0	0	0	0	0	0	0	0	0
AT3G22410	0	0	0	0	0	0	0	0	0	0	0	0
AT3G13000	0	0	0	0	0	0	0	0	0	0	0	0
AT2G39570	0	0	0	0	0	0	0	0	0	0	0	0
AT5G56530	0	0	0	0	0	0	0	0	0	0	0	0
AT1G05470	0	0	0	0	0	0	0	0	0	0	0	0
AT1G78070	0	0	0	0	0	0	0	0	0	0	0	0
AT1G08280	0	0	0	0	0	0	0	0	0	0	0	0
AT2G47930	0	0	0	0	0	0	0	0	0	0	0	0
AT3G52910	0	0	0	0	0	0	0	0	0	0	0	0
AT2G43800	0	0	0	0	0	0	0	0	0	0	0	0
AT1G12380	0	0	0	0	0	0	0	0	0	0	0	0
AT5G51750	0	0	0	0	0	0	0	0	0	0	0	0
AT5G40800	0	0	0	0	0	0	0	0	0	0	0	0
AT2G19170	0	0	0	0	0	0	0	0	0	0	0	0
AT3G48510	0	0	0	0	0	0	0	0	0	0	0	0
AT3G63160	0	0	0	0	0	0	0	0	0	0	0	0
AT3G58850	0	0	0	0	0	0	0	0	0	0	0	0
AT5G48850	0	0	0	0	0	0	0	0	0	0	0	0
AT5G07180	0	0	0	0	0	0	0	0	0	0	0	0
AT1G71830	0	0	0	0	0	0	0	0	0	0	0	0
AT3G49570	0	0	0	0	0	0	0	0	0	0	0	0
AT2G01830	0	0	0	0	0	0	0	0	0	0	0	0
AT1G26100	0	0	0	0	0	0	0	0	0	0	0	0
AT1G69200	0	0	0	0	0	0	0	0	0	0	0	0
AT4G18375	0	0	0	0	0	0	0	0	0	0	0	0
AT5G16600	0	0	0	0	0	0	0	0	0	0	0	0
AT4G24670	0	0	0	0	0	0	0	0	0	0	0	0
AT1G09180	0	0	0	0	0	0	0	0	0	0	0	0
AT2G20340	0	0	0	0	0	0	0	0	0	0	0	0
AT5G13140	0	0	0	0	0	0	0	0	0	0	0	0
AT3G61898	0	0	0	0	0	0	0	0	0	0	0	0
AT3G44730	0	0	0	0	0	0	0	0	0	0	0	0
AT1G70830	0	0	0	0	0	0	0	0	0	0	0	0
AT2G37025	0	0	0	0	0	0	0	0	0	0	0	0
AT5G17490	0	0	0	0	0	0	0	0	0	0	0	0
AT5G61740	0	0	0	0	0	0	0	0	0	0	0	0
AT1G77270	0	0	0	0	0	0	0	0	0	0	0	0
AT1G49580	0	0	0	0	0	0	0	0	0	0	0	0
AT1G65900	0	0	0	0	0	0	0	0	0	0	0	0
AT3G28007	0	0	0	0	0	0	0	0	0	0	0	0
AT5G55950	0	0	0	0	0	0	0	0	0	0	0	0
AT1G47670	0	0	0	0	0	0	0	0	0	0	0	0
AT5G37260	0	0	0	0	0	0	0	0	0	0	0	0
AT5G15780	0	0	0	0	0	0	0	0	0	0	0	0
AT5G44400	0	0	0	0	0	0	0	0	0	0	0	0
AT5G12050	0	0	0	0	0	0	0	0	0	0	0	0
AT2G01760	0	0	0	0	0	0	0	0	0	0	0	0
AT3G28150	0	0	0	0	0	0	0	0	0	0	0	0
AT3G29030	0	0	0	0	0	0	0	0	0	0	0	0
AT4G04840	0	0	0	0	0	0	0	0	0	0	0	0
AT4G28050	0	0	0	0	0	0	0	0	0	0	0	0
AT5G22740	0	0	0	0	0	0	0	0	0	0	0	0
AT1G09750	0	0	0	0	0	0	0	0	0	0	0	0
AT4G01130	0	0	0	0	0	0	0	0	0	0	0	0
AT5G39860	0	0	0	0	0	0	0	0	0	0	0	0
AT3G11210	0	0	0	0	0	0	0	0	0	0	0	0
AT5G08000	0	0	0	0	0	0	0	0	0	0	0	0
AT5G13930	0	0	0	0	0	0	0	0	0	0	0	0
AT5G65820	0	0	0	0	0	0	0	0	0	0	0	0
AT1G58270	0	0	0	0	0	0	0	0	0	0	0	0
AT4G37220	0	0	0	0	0	0	0	0	0	0	0	0
AT1G80690	0	0	0	0	0	0	0	0	0	0	0	0
AT1G78490	0	0	0	0	0	0	0	0	0	0	0	0
AT5G61350	0	0	0	0	0	0	0	0	0	0	0	0
AT2G42900	0	0	0	0	0	0	0	0	0	0	0	0
AT3G16420	0	0	0	0	0	0	0	0	0	0	0	0
AT1G30840	0	0	0	0	0	0	0	0	0	0	0	0
AT1G47900	0	0	0	0	0	0	0	0	0	0	0	0
AT1G04520	0	0	0	0	0	0	0	0	0	0	0	0
AT1G45248	0	0	0	0	0	0	0	0	0	0	0	0
AT3G57600	0	0	0	0	0	0	0	0	0	0	0	0
AT1G63230	0	0	0	0	0	0	0	0	0	0	0	0
AT5G67390	0	0	0	0	0	0	0	0	0	0	0	0
AT5G10080	0	0	0	0	0	0	0	0	0	0	0	0
AT5G67070	0	0	0	0	0	0	0	0	0	0	0	0
AT5G22794	0	0	0	0	0	0	0	0	0	0	0	0
AT1G13250	0	0	0	0	0	0	0	0	0	0	0	0
AT4G01110	0	0	0	0	0	0	0	0	0	0	0	0
AT3G45210	0	0	0	0	0	0	0	0	0	0	0	0
AT1G65860	0	0	0	0	0	0	0	0	0	0	0	0
AT1G70210	0	0	0	0	0	0	0	0	0	0	0	0
AT3G05180	0	0	0	0	0	0	0	0	0	0	0	0
AT4G32280	0	0	0	0	0	0	0	0	0	0	0	0
AT5G52310	0	0	0	0	0	0	0	0	0	0	0	0
AT1G18870	0	0	0	0	0	0	0	0	0	0	0	0
AT5G15580	0	0	0	0	0	0	0	0	0	0	0	0
AT5G55480	0	0	0	0	0	0	0	0	0	0	0	0
AT1G30600	0	0	0	0	0	0	0	0	0	0	0	0
AT4G20270	0	0	0	0	0	0	0	0	0	0	0	0
AT3G16470	0	0	0	0	0	0	0	0	0	0	0	0
AT4G36830	0	0	0	0	0	0	0	0	0	0	0	0
AT3G16410	0	0	0	0	0	0	0	0	0	0	0	0
AT3G27170	0	0	0	0	0	0	0	0	0	0	0	0
AT3G07420	0	0	0	0	0	0	0	0	0	0	0	0
AT5G52882	0	0	0	0	0	0	0	0	0	0	0	0
AT5G55730	0	0	0	0	0	0	0	0	0	0	0	0
AT3G49750	0	0	0	0	0	0	0	0	0	0	0	0
AT3G20640	0	0	0	0	0	0	0	0	0	0	0	0
AT2G38750	0	0	0	0	0	0	0	0	0	0	0	0
AT3G05340	0	0	0	0	0	0	0	0	0	0	0	0
AT5G35670	0	0	0	0	0	0	0	0	0	0	0	0
AT3G49900	0	0	0	0	0	0	0	0	0	0	0	0
AT5G66300	0	0	0	0	0	0	0	0	0	0	0	0
AT1G01110	0	0	0	0	0	0	0	0	0	0	0	0
AT5G20670	0	0	0	0	0	0	0	0	0	0	0	0
AT2G18196	0	0	0	0	0	0	0	0	0	0	0	0
AT1G16850	0	0	0	0	0	0	0	0	0	0	0	0
AT2G46640	0	0	0	0	0	0	0	0	0	0	0	0
AT4G34900	0	0	0	0	0	0	0	0	0	0	0	0
AT2G23010	0	0	0	0	0	0	0	0	0	0	0	0
AT3G47640	0	0	0	0	0	0	0	0	0	0	0	0
AT3G26960	0	0	0	0	0	0	0	0	0	0	0	0
AT5G23820	0	0	0	0	0	0	0	0	0	0	0	0
AT2G22200	0	0	0	0	0	0	0	0	0	0	0	0
AT3G58100	0	0	0	0	0	0	0	0	0	0	0	0
AT1G08300	0	0	0	0	0	0	0	0	0	0	0	0
AT2G43440	0	0	0	0	0	0	0	0	0	0	0	0
AT4G25990	0	0	0	0	0	0	0	0	0	0	0	0
AT3G52290	0	0	0	0	0	0	0	0	0	0	0	0
AT1G71870	0	0	0	0	0	0	0	0	0	0	0	0
AT1G11580	0	0	0	0	0	0	0	0	0	0	0	0
AT5G54130	0	0	0	0	0	0	0	0	0	0	0	0
AT5G24380	0	0	0	0	0	0	0	0	0	0	0	0
AT3G01960	0	0	0	0	0	0	0	0	0	0	0	0
AT2G18890	0	0	0	0	0	0	0	0	0	0	0	0
AT3G17640	0	0	0	0	0	0	0	0	0	0	0	0
AT4G12430	0	0	0	0	0	0	0	0	0	0	0	0
AT4G17440	0	0	0	0	0	0	0	0	0	0	0	0
AT3G45420	0	0	0	0	0	0	0	0	0	0	0	0
AT2G23000	0	0	0	0	0	0	0	0	0	0	0	0
AT1G16400	0	0	0	0	0	0	0	0	0	0	0	0
AT1G05540	0	0	0	0	0	0	0	0	0	0	0	0
AT1G23340	0	0	0	0	0	0	0	0	0	0	0	0
AT5G02950	0	0	0	0	0	0	0	0	0	0	0	0
AT4G28230	0	0	0	0	0	0	0	0	0	0	0	0
AT5G56220	0	0	0	0	0	0	0	0	0	0	0	0
AT2G28870	0	0	0	0	0	0	0	0	0	0	0	0
AT5G24920	0	0	0	0	0	0	0	0	0	0	0	0
AT2G36870	0	0	0	0	0	0	0	0	0	0	0	0
AT1G64670	0	0	0	0	0	0	0	0	0	0	0	0
AT3G61950	0	0	0	0	0	0	0	0	0	0	0	0
AT2G29130	0	0	0	0	0	0	0	0	0	0	0	0
AT5G63180	0	0	0	0	0	0	0	0	0	0	0	0
AT3G32980	0	0	0	0	0	0	0	0	0	0	0	0
AT2G35345	0	0	0	0	0	0	0	0	0	0	0	0
AT5G67411	0	0	0	0	0	0	0	0	0	0	0	0
AT1G53345	0	0	0	0	0	0	0	0	0	0	0	0
AT2G42800	0	0	0	0	0	0	0	0	0	0	0	0
AT1G05065	0	0	0	0	0	0	0	0	0	0	0	0
AT5G24580	0	0	0	0	0	0	0	0	0	0	0	0
AT5G01480	0	0	0	0	0	0	0	0	0	0	0	0
AT5G18060	0	0	0	0	0	0	0	0	0	0	0	0
AT2G47180	0	0	0	0	0	0	0	0	0	0	0	0
AT2G38465	0	0	0	0	0	0	0	0	0	0	0	0
AT1G79840	0	0	0	0	0	0	0	0	0	0	0	0
AT1G52000	0	0	0	0	0	0	0	0	0	0	0	0
AT5G18020	0	0	0	0	0	0	0	0	0	0	0	0
AT4G12320	0	0	0	0	0	0	0	0	0	0	0	0
AT1G06250	0	0	0	0	0	0	0	0	0	0	0	0
AT5G13520	0	0	0	0	0	0	0	0	0	0	0	0
AT2G34360	0	0	0	0	0	0	0	0	0	0	0	0
AT3G21260	0	0	0	0	0	0	0	0	0	0	0	0
AT4G20940	0	0	0	0	0	0	0	0	0	0	0	0
AT1G18550	0	0	0	0	0	0	0	0	0	0	0	0
AT3G02110	0	0	0	0	0	0	0	0	0	0	0	0
AT1G14390	0	0	0	0	0	0	0	0	0	0	0	0
AT4G11320	0	0	0	0	0	0	0	0	0	0	0	0
AT2G25640	0	0	0	0	0	0	0	0	0	0	0	0
AT3G45680	0	0	0	0	0	0	0	0	0	0	0	0
AT5G05890	0	0	0	0	0	0	0	0	0	0	0	0
AT3G26330	0	0	0	0	0	0	0	0	0	0	0	0
AT2G44830	0	0	0	0	0	0	0	0	0	0	0	0
AT1G29510	0	0	0	0	0	0	0	0	0	0	0	0
AT2G17036	0	0	0	0	0	0	0	0	0	0	0	0
AT3G02020	0	0	0	0	0	0	0	0	0	0	0	0
AT3G19710	0	0	0	0	0	0	0	0	0	0	0	0
AT1G80280	0	0	0	0	0	0	0	0	0	0	0	0
AT5G24660	0	0	0	0	0	0	0	0	0	0	0	0
AT5G55120	0	0	0	0	0	0	0	0	0	0	0	0
AT2G19090	0	0	0	0	0	0	0	0	0	0	0	0
AT1G79410	0	0	0	0	0	0	0	0	0	0	0	0
AT5G25830	0	0	0	0	0	0	0	0	0	0	0	0
AT1G03830	0	0	0	0	0	0	0	0	0	0	0	0
AT2G03090	0	0	0	0	0	0	0	0	0	0	0	0
AT5G15720	0	0	0	0	0	0	0	0	0	0	0	0
AT3G05890	0	0	0	0	0	0	0	0	0	0	0	0
AT1G71050	0	0	0	0	0	0	0	0	0	0	0	0
AT4G29240	0	0	0	0	0	0	0	0	0	0	0	0
AT4G30250	0	0	0	0	0	0	0	0	0	0	0	0
AT5G59570	0	0	0	0	0	0	0	0	0	0	0	0
AT3G02040	0	0	0	0	0	0	0	0	0	0	0	0
AT5G19970	0	0	0	0	0	0	0	0	0	0	0	0
AT1G60590	0	0	0	0	0	0	0	0	0	0	0	0
AT1G20480	0	0	0	0	0	0	0	0	0	0	0	0
AT4G12030	0	0	0	0	0	0	0	0	0	0	0	0
AT2G21830	0	0	0	0	0	0	0	0	0	0	0	0
AT3G12970	0	0	0	0	0	0	0	0	0	0	0	0
AT2G05632	0	0	0	0	0	0	0	0	0	0	0	0
AT3G28220	0	0	0	0	0	0	0	0	0	0	0	0
AT2G33570	0	0	0	0	0	0	0	0	0	0	0	0
AT4G29700	0	0	0	0	0	0	0	0	0	0	0	0
AT2G40900	0	0	0	0	0	0	0	0	0	0	0	0
AT5G01890	0	0	0	0	0	0	0	0	0	0	0	0
AT3G03370	0	0	0	0	0	0	0	0	0	0	0	0
AT2G21050	0	0	0	0	0	0	0	0	0	0	0	0
AT3G09590	0	0	0	0	0	0	0	0	0	0	0	0
AT5G24770	0	0	0	0	0	0	0	0	0	0	0	0
AT1G06360	0	0	0	0	0	0	0	0	0	0	0	0
AT5G15240	0	0	0	0	0	0	0	0	0	0	0	0
AT3G21190	0	0	0	0	0	0	0	0	0	0	0	0
AT3G48290	0	0	0	0	0	0	0	0	0	0	0	0
AT3G51490	0	0	0	0	0	0	0	0	0	0	0	0
AT1G31710	0	0	0	0	0	0	0	0	0	0	0	0
AT5G24990	0	0	0	0	0	0	0	0	0	0	0	0
AT1G80520	0	0	0	0	0	0	0	0	0	0	0	0
AT5G53750	0	0	0	0	0	0	0	0	0	0	0	0
AT1G19670	0	0	0	0	0	0	0	0	0	0	0	0
AT1G03020	0	0	0	0	0	0	0	0	0	0	0	0
AT1G64690	0	0	0	0	0	0	0	0	0	0	0	0
AT3G44220	0	0	0	0	0	0	0	0	0	0	0	0
AT2G37100	0	0	0	0	0	0	0	0	0	0	0	0
AT2G29125	0	0	0	0	0	0	0	0	0	0	0	0
AT1G04570	0	0	0	0	0	0	0	0	0	0	0	0
AT1G79620	0	0	0	0	0	0	0	0	0	0	0	0
AT4G09920	0	0	0	0	0	0	0	0	0	0	0	0
AT1G46264	0	0	0	0	0	0	0	0	0	0	0	0
AT3G20480	0	0	0	0	0	0	0	0	0	0	0	0
AT3G55690	0	0	0	0	0	0	0	0	0	0	0	0
AT5G65280	0	0	0	0	0	0	0	0	0	0	0	0
AT1G69526	0	0	0	0	0	0	0	0	0	0	0	0
AT3G22880	0	0	0	0	0	0	0	0	0	0	0	0
AT5G60020	0	0	0	0	0	0	0	0	0	0	0	0
AT5G50820	0	0	0	0	0	0	0	0	0	0	0	0
AT2G25820	0	0	0	0	0	0	0	0	0	0	0	0
AT2G37380	0	0	0	0	0	0	0	0	0	0	0	0
AT3G27860	0	0	0	0	0	0	0	0	0	0	0	0
AT3G19620	0	0	0	0	0	0	0	0	0	0	0	0
AT5G03670	0	0	0	0	0	0	0	0	0	0	0	0
AT1G22030	0	0	0	0	0	0	0	0	0	0	0	0
AT1G22380	0	0	0	0	0	0	0	0	0	0	0	0
AT3G22820	0	0	0	0	0	0	0	0	0	0	0	0
AT1G35730	0	0	0	0	0	0	0	0	0	0	0	0
AT5G38010	0	0	0	0	0	0	0	0	0	0	0	0
AT4G30450	0	0	0	0	0	0	0	0	0	0	0	0
AT4G12730	0	0	0	0	0	0	0	0	0	0	0	0
AT4G27560	0	0	0	0	0	0	0	0	0	0	0	0
AT5G41460	0	0	0	0	0	0	0	0	0	0	0	0
AT3G09910	0	0	0	0	0	0	0	0	0	0	0	0
AT1G78970	0	0	0	0	0	0	0	0	0	0	0	0
AT5G67490	0	0	0	0	0	0	0	0	0	0	0	0
AT5G47500	0	0	0	0	0	0	0	0	0	0	0	0
AT4G30700	0	0	0	0	0	0	0	0	0	0	0	0
AT5G42690	0	0	0	0	0	0	0	0	0	0	0	0
AT5G22860	0	0	0	0	0	0	0	0	0	0	0	0
AT5G43935	0	0	0	0	0	0	0	0	0	0	0	0
AT1G55920	0	0	0	0	0	0	0	0	0	0	0	0
AT3G61610	0	0	0	0	0	0	0	0	0	0	0	0
AT3G25760	0	0	0	0	0	0	0	0	0	0	0	0
AT2G19780	0	0	0	0	0	0	0	0	0	0	0	0
AT2G38760	0	0	0	0	0	0	0	0	0	0	0	0
AT4G28780	0	0	0	0	0	0	0	0	0	0	0	0
AT4G25780	0	0	0	0	0	0	0	0	0	0	0	0
AT1G27120	0	0	0	0	0	0	0	0	0	0	0	0
AT5G18430	0	0	0	0	0	0	0	0	0	0	0	0
AT1G60260	0	0	0	0	0	0	0	0	0	0	0	0
AT5G62960	0	0	0	0	0	0	0	0	0	0	0	0
AT1G56600	0	0	0	0	0	0	0	0	0	0	0	0
AT4G14090	0	0	0	0	0	0	0	0	0	0	0	0
AT2G45050	0	0	0	0	0	0	0	0	0	0	0	0
AT5G05810	0	0	0	0	0	0	0	0	0	0	0	0
AT2G33330	0	0	0	0	0	0	0	0	0	0	0	0
AT5G50950	0	0	0	0	0	0	0	0	0	0	0	0
AT4G17610	0	0	0	0	0	0	0	0	0	0	0	0
AT5G02940	0	0	0	0	0	0	0	0	0	0	0	0
AT3G60490	0	0	0	0	0	0	0	0	0	0	0	0
AT4G13195	0	0	0	0	0	0	0	0	0	0	0	0
AT5G40330	0	0	0	0	0	0	0	0	0	0	0	0
AT2G37620	0	0	0	0	0	0	0	0	0	0	0	0
AT4G29360	0	0	0	0	0	0	0	0	0	0	0	0
AT4G36230	0	0	0	0	0	0	0	0	0	0	0	0
AT1G34315	0	0	0	0	0	0	0	0	0	0	0	0
AT4G25580	0	0	0	0	0	0	0	0	0	0	0	0
AT5G24420	0	0	0	0	0	0	0	0	0	0	0	0
AT3G42670	0	0	0	0	0	0	0	0	0	0	0	0
AT5G48880	0	0	0	0	0	0	0	0	0	0	0	0
AT5G07030	0	0	0	0	0	0	0	0	0	0	0	0
AT5G18050	0	0	0	0	0	0	0	0	0	0	0	0
AT1G73066	0	0	0	0	0	0	0	0	0	0	0	0
AT4G24010	0	0	0	0	0	0	0	0	0	0	0	0
AT3G12145	0	0	0	0	0	0	0	0	0	0	0	0
AT3G45940	0	0	0	0	0	0	0	0	0	0	0	0
AT3G46640	0	0	0	0	0	0	0	0	0	0	0	0
AT1G62770	0	0	0	0	0	0	0	0	0	0	0	0
AT5G42650	0	0	0	0	0	0	0	0	0	0	0	0
AT2G39880	0	0	0	0	0	0	0	0	0	0	0	0
AT3G22740	0	0	0	0	0	0	0	0	0	0	0	0
AT3G53750	0	0	0	0	0	0	0	0	0	0	0	0
AT1G18400	0	0	0	0	0	0	0	0	0	0	0	0
AT3G28420	0	0	0	0	0	0	0	0	0	0	0	0
AT5G38130	0	0	0	0	0	0	0	0	0	0	0	0
AT3G21950	0	0	0	0	0	0	0	0	0	0	0	0
AT1G52040	0	0	0	0	0	0	0	0	0	0	0	0
AT1G53070	0	0	0	0	0	0	0	0	0	0	0	0
AT1G22330	0	0	0	0	0	0	0	0	0	0	0	0
AT3G52720	0	0	0	0	0	0	0	0	0	0	0	0
AT5G50800	0	0	0	0	0	0	0	0	0	0	0	0
AT5G15530	0	0	0	0	0	0	0	0	0	0	0	0
AT2G14860	0	0	0	0	0	0	0	0	0	0	0	0
AT4G30460	0	0	0	0	0	0	0	0	0	0	0	0
AT1G70560	0	0	0	0	0	0	0	0	0	0	0	0
AT5G15960	0	0	0	0	0	0	0	0	0	0	0	0
AT3G03460	0	0	0	0	0	0	0	0	0	0	0	0
AT1G19640	0	0	0	0	0	0	0	0	0	0	0	0
AT3G50960	0	0	0	0	0	0	0	0	0	0	0	0
AT3G22790	0	0	0	0	0	0	0	0	0	0	0	0
AT2G38995	0	0	0	0	0	0	0	0	0	0	0	0
AT2G25790	0	0	0	0	0	0	0	0	0	0	0	0
AT3G55940	0	0	0	0	0	0	0	0	0	0	0	0
AT3G62390	0	0	0	0	0	0	0	0	0	0	0	0
AT5G22580	0	0	0	0	0	0	0	0	0	0	0	0
AT3G56330	0	0	0	0	0	0	0	0	0	0	0	0
AT5G59360	0	0	0	0	0	0	0	0	0	0	0	0
AT5G38120	0	0	0	0	0	0	0	0	0	0	0	0
AT2G32510	0	0	0	0	0	0	0	0	0	0	0	0
AT1G74890	0	0	0	0	0	0	0	0	0	0	0	0
AT4G01080	0	0	0	0	0	0	0	0	0	0	0	0
AT1G56430	0	0	0	0	0	0	0	0	0	0	0	0
AT4G10150	0	0	0	0	0	0	0	0	0	0	0	0
AT3G17730	0	0	0	0	0	0	0	0	0	0	0	0
AT1G77855	0	0	0	0	0	0	0	0	0	0	0	0
AT3G14450	0	0	0	0	0	0	0	0	0	0	0	0
AT2G42200	0	0	0	0	0	0	0	0	0	0	0	0
AT1G04050	0	0	0	0	0	0	0	0	0	0	0	0
AT2G24762	0	0	0	0	0	0	0	0	0	0	0	0
AT2G21880	0	0	0	0	0	0	0	0	0	0	0	0
AT2G21820	0	0	0	0	0	0	0	0	0	0	0	0
AT4G30180	0	0	0	0	0	0	0	0	0	0	0	0
AT1G21150	0	0	0	0	0	0	0	0	0	0	0	0
AT3G04030	0	0	0	0	0	0	0	0	0	0	0	0
AT5G15430	0	0	0	0	0	0	0	0	0	0	0	0
AT4G19820	0	0	0	0	0	0	0	0	0	0	0	0
AT2G39330	0	0	0	0	0	0	0	0	0	0	0	0
AT3G13980	0	0	0	0	0	0	0	0	0	0	0	0
AT1G78260	0	0	0	0	0	0	0	0	0	0	0	0
AT3G18300	0	0	0	0	0	0	0	0	0	0	0	0
AT2G29310	0	0	0	0	0	0	0	0	0	0	0	0
AT4G38660	0	0	0	0	0	0	0	0	0	0	0	0
AT1G16410	0	0	0	0	0	0	0	0	0	0	0	0
AT5G02460	0	0	0	0	0	0	0	0	0	0	0	0
AT2G33400	0	0	0	0	0	0	0	0	0	0	0	0
AT3G55290	0	0	0	0	0	0	0	0	0	0	0	0
AT5G24000	0	0	0	0	0	0	0	0	0	0	0	0
AT2G43550	0	0	0	0	0	0	0	0	0	0	0	0
AT3G22415	0	0	0	0	0	0	0	0	0	0	0	0
AT3G63510	0	0	0	0	0	0	0	0	0	0	0	0
AT1G52830	0	0	0	0	0	0	0	0	0	0	0	0
AT4G18780	0	0	0	0	0	0	0	0	0	0	0	0
AT1G17700	0	0	0	0	0	0	0	0	0	0	0	0
AT3G26922	0	0	0	0	0	0	0	0	0	0	0	0
AT4G27950	0	0	0	0	0	0	0	0	0	0	0	0
AT5G04770	0	0	0	0	0	0	0	0	0	0	0	0
AT1G12845	0	0	0	0	0	0	0	0	0	0	0	0
AT1G77580	0	0	0	0	0	0	0	0	0	0	0	0
AT5G65140	0	0	0	0	0	0	0	0	0	0	0	0
AT3G01500	0	0	0	0	0	0	0	0	0	0	0	0
AT5G65010	0	0	0	0	0	0	0	0	0	0	0	0
AT3G58820	0	0	0	0	0	0	0	0	0	0	0	0
AT2G20515	0	0	0	0	0	0	0	0	0	0	0	0
AT3G06880	0	0	0	0	0	0	0	0	0	0	0	0
AT5G66580	0	0	0	0	0	0	0	0	0	0	0	0
AT4G15765	0	0	0	0	0	0	0	0	0	0	0	0
AT2G39560	0	0	0	0	0	0	0	0	0	0	0	0
AT4G24140	0	0	0	0	0	0	0	0	0	0	0	0
AT2G04170	0	0	0	0	0	0	0	0	0	0	0	0
AT5G66607	0	0	0	0	0	0	0	0	0	0	0	0
AT5G41120	0	0	0	0	0	0	0	0	0	0	0	0
AT5G59130	0	0	0	0	0	0	0	0	0	0	0	0
AT3G48790	0	0	0	0	0	0	0	0	0	0	0	0
AT4G13190	0	0	0	0	0	0	0	0	0	0	0	0
AT3G61840	0	0	0	0	0	0	0	0	0	0	0	0
AT5G44010	0	0	0	0	0	0	0	0	0	0	0	0
AT2G26695	0	0	0	0	0	0	0	0	0	0	0	0
AT5G66740	0	0	0	0	0	0	0	0	0	0	0	0
AT4G35730	0	0	0	0	0	0	0	0	0	0	0	0
AT3G14550	0	0	0	0	0	0	0	0	0	0	0	0
AT4G18640	0	0	0	0	0	0	0	0	0	0	0	0
AT5G06510	0	0	0	0	0	0	0	0	0	0	0	0
AT2G29710	0	0	0	0	0	0	0	0	0	0	0	0
AT3G48350	0	0	0	0	0	0	0	0	0	0	0	0
AT3G03820	0	0	0	0	0	0	0	0	0	0	0	0
AT5G43990	0	0	0	0	0	0	0	0	0	0	0	0
AT1G52030	0	0	0	0	0	0	0	0	0	0	0	0
AT1G24070	0	0	0	0	0	0	0	0	0	0	0	0
AT2G46810	0	0	0	0	0	0	0	0	0	0	0	0
AT2G01210	0	0	0	0	0	0	0	0	0	0	0	0
AT2G27402	0	0	0	0	0	0	0	0	0	0	0	0
AT4G08870	0	0	0	0	0	0	0	0	0	0	0	0
AT2G15020	0	0	0	0	0	0	0	0	0	0	0	0
AT3G06140	0	0	0	0	0	0	0	0	0	0	0	0
AT4G17480	0	0	0	0	0	0	0	0	0	0	0	0
AT5G10250	0	0	0	0	0	0	0	0	0	0	0	0
AT4G04830	0	0	0	0	0	0	0	0	0	0	0	0
AT3G28770	0	0	0	0	0	0	0	0	0	0	0	0
AT5G67210	0	0	0	0	0	0	0	0	0	0	0	0
AT4G11140	0	0	0	0	0	0	0	0	0	0	0	0
AT4G10310	0	0	0	0	0	0	0	0	0	0	0	0
AT4G01440	0	0	0	0	0	0	0	0	0	0	0	0
AT4G28190	0	0	0	0	0	0	0	0	0	0	0	0
AT3G53530	0	0	0	0	0	0	0	0	0	0	0	0
AT1G45191	0	0	0	0	0	0	0	0	0	0	0	0
AT1G11450	0	0	0	0	0	0	0	0	0	0	0	0
AT5G51670	0	0	0	0	0	0	0	0	0	0	0	0
AT4G27360	0	0	0	0	0	0	0	0	0	0	0	0
AT3G55990	0	0	0	0	0	0	0	0	0	0	0	0
AT4G33980	0	0	0	0	0	0	0	0	0	0	0	0
AT1G65920	0	0	0	0	0	0	0	0	0	0	0	0
AT3G51290	0	0	0	0	0	0	0	0	0	0	0	0
AT5G07700	0	0	0	0	0	0	0	0	0	0	0	0
AT5G18660	0	0	0	0	0	0	0	0	0	0	0	0
AT2G18120	0	0	0	0	0	0	0	0	0	0	0	0
AT5G62360	0	0	0	0	0	0	0	0	0	0	0	0
AT2G24440	0	0	0	0	0	0	0	0	0	0	0	0
AT1G17920	0	0	0	0	0	0	0	0	0	0	0	0
AT1G33170	0	0	0	0	0	0	0	0	0	0	0	0
AT3G17580	0	0	0	0	0	0	0	0	0	0	0	0
AT2G28105	0	0	0	0	0	0	0	0	0	0	0	0
AT1G78750	0	0	0	0	0	0	0	0	0	0	0	0
AT4G18440	0	0	0	0	0	0	0	0	0	0	0	0
AT4G32780	0	0	0	0	0	0	0	0	0	0	0	0
AT2G19930	0	0	0	0	0	0	0	0	0	0	0	0
AT3G04184	0	0	0	0	0	0	0	0	0	0	0	0
AT4G24350	0	0	0	0	0	0	0	0	0	0	0	0
AT2G24190	0	0	0	0	0	0	0	0	0	0	0	0
AT5G02440	0	0	0	0	0	0	0	0	0	0	0	0
AT4G33150	0	0	0	0	0	0	0	0	0	0	0	0
AT4G15236	0	0	0	0	0	0	0	0	0	0	0	0
AT2G40320	0	0	0	0	0	0	0	0	0	0	0	0
AT3G12520	0	0	0	0	0	0	0	0	0	0	0	0
AT4G15920	0	0	0	0	0	0	0	0	0	0	0	0
AT3G14780	0	0	0	0	0	0	0	0	0	0	0	0
AT1G75300	0	0	0	0	0	0	0	0	0	0	0	0
AT3G58810	0	0	0	0	0	0	0	0	0	0	0	0
AT4G14200	0	0	0	0	0	0	0	0	0	0	0	0
AT3G23810	0	0	0	0	0	0	0	0	0	0	0	0
AT4G34760	0	0	0	0	0	0	0	0	0	0	0	0
AT3G52770	0	0	0	0	0	0	0	0	0	0	0	0
AT5G45520	0	0	0	0	0	0	0	0	0	0	0	0
AT2G02100	0	0	0	0	0	0	0	0	0	0	0	0
AT4G25420	0	0	0	0	0	0	0	0	0	0	0	0
AT5G52930	0	0	0	0	0	0	0	0	0	0	0	0
AT5G19170	0	0	0	0	0	0	0	0	0	0	0	0
AT5G28010	0	0	0	0	0	0	0	0	0	0	0	0
AT1G75780	0	0	0	0	0	0	0	0	0	0	0	0
AT4G15140	0	0	0	0	0	0	0	0	0	0	0	0
AT4G17240	0	0	0	0	0	0	0	0	0	0	0	0
AT4G03270	0	0	0	0	0	0	0	0	0	0	0	0
AT5G10170	0	0	0	0	0	0	0	0	0	0	0	0
AT1G01200	0	0	0	0	0	0	0	0	0	0	0	0
AT3G02930	0	0	0	0	0	0	0	0	0	0	0	0
AT3G13672	0	0	0	0	0	0	0	0	0	0	0	0
AT1G07050	0	0	0	0	0	0	0	0	0	0	0	0
AT3G55710	0	0	0	0	0	0	0	0	0	0	0	0
AT3G51030	0	0	0	0	0	0	0	0	0	0	0	0
AT1G22340	0	0	0	0	0	0	0	0	0	0	0	0
AT1G26450	0	0	0	0	0	0	0	0	0	0	0	0
AT1G16220	0	0	0	0	0	0	0	0	0	0	0	0
AT3G04960	0	0	0	0	0	0	0	0	0	0	0	0
AT4G17470	0	0	0	0	0	0	0	0	0	0	0	0
AT4G19380	0	0	0	0	0	0	0	0	0	0	0	0
AT5G47380	0	0	0	0	0	0	0	0	0	0	0	0
AT4G18970	0	0	0	0	0	0	0	0	0	0	0	0
AT3G16490	0	0	0	0	0	0	0	0	0	0	0	0
AT5G66800	0	0	0	0	0	0	0	0	0	0	0	0
AT1G28290	0	0	0	0	0	0	0	0	0	0	0	0
AT4G36570	0	0	0	0	0	0	0	0	0	0	0	0
AT5G03640	0	0	0	0	0	0	0	0	0	0	0	0
AT5G60490	0	0	0	0	0	0	0	0	0	0	0	0
AT4G27370	0	0	0	0	0	0	0	0	0	0	0	0
AT5G64700	0	0	0	0	0	0	0	0	0	0	0	0
AT3G08570	0	0	0	0	0	0	0	0	0	0	0	0
AT2G20700	0	0	0	0	0	0	0	0	0	0	0	0
AT4G10955	0	0	0	0	0	0	0	0	0	0	0	0
AT5G60880	0	0	0	0	0	0	0	0	0	0	0	0
AT5G37180	0	0	0	0	0	0	0	0	0	0	0	0
AT4G19850	0	0	0	0	0	0	0	0	0	0	0	0
AT2G23755	0	0	0	0	0	0	0	0	0	0	0	0
AT1G49530	0	0	0	0	0	0	0	0	0	0	0	0
AT5G27890	0	0	0	0	0	0	0	0	0	0	0	0
AT1G53060	0	0	0	0	0	0	0	0	0	0	0	0
AT5G07000	0	0	0	0	0	0	0	0	0	0	0	0
AT5G11100	0	0	0	0	0	0	0	0	0	0	0	0
AT2G35150	0	0	0	0	0	0	0	0	0	0	0	0
AT4G02850	0	0	0	0	0	0	0	0	0	0	0	0
AT1G04800	0	0	0	0	0	0	0	0	0	0	0	0
AT1G71490	0	0	0	0	0	0	0	0	0	0	0	0
AT3G45140	0	0	0	0	0	0	0	0	0	0	0	0
AT5G20740	0	0	0	0	0	0	0	0	0	0	0	0
AT5G66750	0	0	0	0	0	0	0	0	0	0	0	0
AT5G19730	0	0	0	0	0	0	0	0	0	0	0	0
AT5G46830	0	0	0	0	0	0	0	0	0	0	0	0
AT5G05270	0	0	0	0	0	0	0	0	0	0	0	0
AT1G35910	0	0	0	0	0	0	0	0	0	0	0	0
AT1G60810	0	0	0	0	0	0	0	0	0	0	0	0
AT1G51090	0	0	0	0	0	0	0	0	0	0	0	0
AT2G33380	0	0	0	0	0	0	0	0	0	0	0	0
AT4G22760	0	0	0	0	0	0	0	0	0	0	0	0
AT1G15580	0	0	0	0	0	0	0	0	0	0	0	0
AT4G13885	0	0	0	0	0	0	0	0	0	0	0	0
AT4G16400	0	0	0	0	0	0	0	0	0	0	0	0
AT5G05960	0	0	0	0	0	0	0	0	0	0	0	0
AT3G06030	0	0	0	0	0	0	0	0	0	0	0	0
AT2G32765	0	0	0	0	0	0	0	0	0	0	0	0
AT2G16850	0	0	0	0	0	0	0	0	0	0	0	0
AT1G75090	0	0	0	0	0	0	0	0	0	0	0	0
AT3G49970	0	0	0	0	0	0	0	0	0	0	0	0
AT5G45670	0	0	0	0	0	0	0	0	0	0	0	0
AT1G62660	0	0	0	0	0	0	0	0	0	0	0	0
AT1G72970	0	0	0	0	0	0	0	0	0	0	0	0
AT1G33930	0	0	0	0	0	0	0	0	0	0	0	0
AT4G31330	0	0	0	0	0	0	0	0	0	0	0	0
AT5G02540	0	0	0	0	0	0	0	0	0	0	0	0
AT5G53200	0	0	0	0	0	0	0	0	0	0	0	0
AT4G19430	0	0	0	0	0	0	0	0	0	0	0	0
AT4G37682	0	0	0	0	0	0	0	0	0	0	0	0
AT5G50940	0	0	0	0	0	0	0	0	0	0	0	0
AT2G31940	0	0	0	0	0	0	0	0	0	0	0	0
AT1G78940	0	0	0	0	0	0	0	0	0	0	0	0
AT3G03850	0	0	0	0	0	0	0	0	0	0	0	0
AT1G53035	0	0	0	0	0	0	0	0	0	0	0	0
AT1G66460	0	0	0	0	0	0	0	0	0	0	0	0
AT2G40330	0	0	0	0	0	0	0	0	0	0	0	0
AT2G39430	0	0	0	0	0	0	0	0	0	0	0	0
AT4G36160	0	0	0	0	0	0	0	0	0	0	0	0
AT4G03610	0	0	0	0	0	0	0	0	0	0	0	0
AT1G33440	0	0	0	0	0	0	0	0	0	0	0	0
AT4G23990	0	0	0	0	0	0	0	0	0	0	0	0
AT5G26790	0	0	0	0	0	0	0	0	0	0	0	0
AT1G73040	0	0	0	0	0	0	0	0	0	0	0	0
AT5G02370	0	0	0	0	0	0	0	0	0	0	0	0
AT2G43530	0	0	0	0	0	0	0	0	0	0	0	0
AT5G17420	0	0	0	0	0	0	0	0	0	0	0	0
AT5G56490	0	0	0	0	0	0	0	0	0	0	0	0
AT4G39110	0	0	0	0	0	0	0	0	0	0	0	0
AT3G54400	0	0	0	0	0	0	0	0	0	0	0	0
AT1G30280	0	0	0	0	0	0	0	0	0	0	0	0
AT1G14190	0	0	0	0	0	0	0	0	0	0	0	0
AT2G36980	0	0	0	0	0	0	0	0	0	0	0	0
AT5G49390	0	0	0	0	0	0	0	0	0	0	0	0
AT1G24600	0	0	0	0	0	0	0	0	0	0	0	0
AT5G23400	0	0	0	0	0	0	0	0	0	0	0	0
AT1G53700	0	0	0	0	0	0	0	0	0	0	0	0
AT1G73325	0	0	0	0	0	0	0	0	0	0	0	0
AT5G40210	0	0	0	0	0	0	0	0	0	0	0	0
AT2G13820	0	0	0	0	0	0	0	0	0	0	0	0
AT4G30230	0	0	0	0	0	0	0	0	0	0	0	0
AT1G64200	0	0	0	0	0	0	0	0	0	0	0	0
AT1G10750	0	0	0	0	0	0	0	0	0	0	0	0
AT4G14770	0	0	0	0	0	0	0	0	0	0	0	0
AT4G20430	0	0	0	0	0	0	0	0	0	0	0	0
AT3G16690	0	0	0	0	0	0	0	0	0	0	0	0
AT1G53520	0	0	0	0	0	0	0	0	0	0	0	0
AT5G04200	0	0	0	0	0	0	0	0	0	0	0	0
AT5G28237	0	0	0	0	0	0	0	0	0	0	0	0
AT2G23690	0	0	0	0	0	0	0	0	0	0	0	0
AT5G03130	0	0	0	0	0	0	0	0	0	0	0	0
AT4G37750	0	0	0	0	0	0	0	0	0	0	0	0
AT1G44350	0	0	0	0	0	0	0	0	0	0	0	0
AT1G34065	0	0	0	0	0	0	0	0	0	0	0	0
AT5G39790	0	0	0	0	0	0	0	0	0	0	0	0
AT3G58120	0	0	0	0	0	0	0	0	0	0	0	0
AT2G16270	0	0	0	0	0	0	0	0	0	0	0	0
AT5G24390	0	0	0	0	0	0	0	0	0	0	0	0
AT1G68460	0	0	0	0	0	0	0	0	0	0	0	0
AT3G10200	0	0	0	0	0	0	0	0	0	0	0	0
AT4G35160	0	0	0	0	0	0	0	0	0	0	0	0
AT1G73360	0	0	0	0	0	0	0	0	0	0	0	0
AT4G19191	0	0	0	0	0	0	0	0	0	0	0	0
AT2G15440	0	0	0	0	0	0	0	0	0	0	0	0
AT1G19630	0	0	0	0	0	0	0	0	0	0	0	0
AT3G09260	0	0	0	0	0	0	0	0	0	0	0	0
AT4G10390	0	0	0	0	0	0	0	0	0	0	0	0
AT4G02482	0	0	0	0	0	0	0	0	0	0	0	0
AT5G64980	0	0	0	0	0	0	0	0	0	0	0	0
AT3G57010	0	0	0	0	0	0	0	0	0	0	0	0
AT4G38950	0	0	0	0	0	0	0	0	0	0	0	0
AT5G01320	0	0	0	0	0	0	0	0	0	0	0	0
AT2G38110	0	0	0	0	0	0	0	0	0	0	0	0
AT3G18660	0	0	0	0	0	0	0	0	0	0	0	0
AT1G22170	0	0	0	0	0	0	0	0	0	0	0	0
AT5G42860	0	0	0	0	0	0	0	0	0	0	0	0
AT5G15840	0	0	0	0	0	0	0	0	0	0	0	0
AT1G10640	0	0	0	0	0	0	0	0	0	0	0	0
AT5G38730	0	0	0	0	0	0	0	0	0	0	0	0
AT5G46880	0	0	0	0	0	0	0	0	0	0	0	0
AT5G67090	0	0	0	0	0	0	0	0	0	0	0	0
AT4G14130	0	0	0	0	0	0	0	0	0	0	0	0
AT5G51790	0	0	0	0	0	0	0	0	0	0	0	0
AT4G29020	0	0	0	0	0	0	0	0	0	0	0	0
AT3G18710	0	0	0	0	0	0	0	0	0	0	0	0
AT1G11850	0	0	0	0	0	0	0	0	0	0	0	0
AT5G14690	0	0	0	0	0	0	0	0	0	0	0	0
AT4G21065	0	0	0	0	0	0	0	0	0	0	0	0
AT2G34060	0	0	0	0	0	0	0	0	0	0	0	0
AT1G05020	0	0	0	0	0	0	0	0	0	0	0	0
AT1G47578	0	0	0	0	0	0	0	0	0	0	0	0
AT3G27200	0	0	0	0	0	0	0	0	0	0	0	0
AT5G44050	0	0	0	0	0	0	0	0	0	0	0	0
AT3G09330	0	0	0	0	0	0	0	0	0	0	0	0
AT3G48970	0	0	0	0	0	0	0	0	0	0	0	0
AT3G16920	0	0	0	0	0	0	0	0	0	0	0	0
AT4G14310	0	0	0	0	0	0	0	0	0	0	0	0
AT3G28455	0	0	0	0	0	0	0	0	0	0	0	0
AT5G19060	0	0	0	0	0	0	0	0	0	0	0	0
AT4G03930	0	0	0	0	0	0	0	0	0	0	0	0
AT2G45900	0	0	0	0	0	0	0	0	0	0	0	0
AT1G02730	0	0	0	0	0	0	0	0	0	0	0	0
AT1G70640	0	0	0	0	0	0	0	0	0	0	0	0
AT1G31750	0	0	0	0	0	0	0	0	0	0	0	0
AT2G42870	0	0	0	0	0	0	0	0	0	0	0	0
AT1G19050	0	0	0	0	0	0	0	0	0	0	0	0
AT3G47690	0	0	0	0	0	0	0	0	0	0	0	0
AT1G07985	0	0	0	0	0	0	0	0	0	0	0	0
AT3G26790	0	0	0	0	0	0	0	0	0	0	0	0
AT3G15130	0	0	0	0	0	0	0	0	0	0	0	0
AT5G56840	0	0	0	0	0	0	0	0	0	0	0	0
AT3G50120	0	0	0	0	0	0	0	0	0	0	0	0
AT1G56650	0	0	0	0	0	0	0	0	0	0	0	0
AT3G22275	0	0	0	0	0	0	0	0	0	0	0	0
AT2G05185	0	0	0	0	0	0	0	0	0	0	0	0
AT3G28290	0	0	0	0	0	0	0	0	0	0	0	0
AT5G09805	0	0	0	0	0	0	0	0	0	0	0	0
AT4G39010	0	0	0	0	0	0	0	0	0	0	0	0
AT1G63295	0	0	0	0	0	0	0	0	0	0	0	0
AT5G05250	0	0	0	0	0	0	0	0	0	0	0	0
AT4G11210	0	0	0	0	0	0	0	0	0	0	0	0
AT5G59220	0	0	0	0	0	0	0	0	0	0	0	0
AT3G09060	0	0	0	0	0	0	0	0	0	0	0	0
AT5G03495	0	0	0	0	0	0	0	0	0	0	0	0
AT4G26530	0	0	0	0	0	0	0	0	0	0	0	0
AT3G52900	0	0	0	0	0	0	0	0	0	0	0	0
AT4G25950	0	0	0	0	0	0	0	0	0	0	0	0
AT1G24735	0	0	0	0	0	0	0	0	0	0	0	0
AT1G18710	0	0	0	0	0	0	0	0	0	0	0	0
AT1G02350	0	0	0	0	0	0	0	0	0	0	0	0
AT2G22620	0	0	0	0	0	0	0	0	0	0	0	0
AT2G45940	0	0	0	0	0	0	0	0	0	0	0	0
AT3G25770	0	0	0	0	0	0	0	0	0	0	0	0
AT5G54470	0	0	0	0	0	0	0	0	0	0	0	0
AT5G06520	0	0	0	0	0	0	0	0	0	0	0	0
AT5G10430	0	0	0	0	0	0	0	0	0	0	0	0
AT1G79420	0	0	0	0	0	0	0	0	0	0	0	0
AT4G37140	0	0	0	0	0	0	0	0	0	0	0	0
AT5G23350	0	0	0	0	0	0	0	0	0	0	0	0
AT4G27590	0	0	0	0	0	0	0	0	0	0	0	0
AT1G79170	0	0	0	0	0	0	0	0	0	0	0	0
AT3G15800	0	0	0	0	0	0	0	0	0	0	0	0
AT5G20970	0	0	0	0	0	0	0	0	0	0	0	0
AT5G56540	0	0	0	0	0	0	0	0	0	0	0	0
AT3G46490	0	0	0	0	0	0	0	0	0	0	0	0
AT1G33811	0	0	0	0	0	0	0	0	0	0	0	0
AT1G07430	0	0	0	0	0	0	0	0	0	0	0	0
AT5G25110	0	0	0	0	0	0	0	0	0	0	0	0
AT1G14250	0	0	0	0	0	0	0	0	0	0	0	0
AT2G38320	0	0	0	0	0	0	0	0	0	0	0	0
AT4G10420	0	0	0	0	0	0	0	0	0	0	0	0
AT4G14150	0	0	0	0	0	0	0	0	0	0	0	0
AT5G59650	0	0	0	0	0	0	0	0	0	0	0	0
AT5G46600	0	0	0	0	0	0	0	0	0	0	0	0
AT3G20260	0	0	0	0	0	0	0	0	0	0	0	0
AT5G24155	0	0	0	0	0	0	0	0	0	0	0	0
AT1G79310	0	0	0	0	0	0	0	0	0	0	0	0
AT3G13175	0	0	0	0	0	0	0	0	0	0	0	0
AT2G35075	0	0	0	0	0	0	0	0	0	0	0	0
AT1G09350	0	0	0	0	0	0	0	0	0	0	0	0
AT5G47440	0	0	0	0	0	0	0	0	0	0	0	0
AT1G19390	0	0	0	0	0	0	0	0	0	0	0	0
AT1G77870	0	0	0	0	0	0	0	0	0	0	0	0
AT5G19100	0	0	0	0	0	0	0	0	0	0	0	0
AT3G53900	0	0	0	0	0	0	0	0	0	0	0	0
AT3G50280	0	0	0	0	0	0	0	0	0	0	0	0
AT3G19050	0	0	0	0	0	0	0	0	0	0	0	0
AT1G76790	0	0	0	0	0	0	0	0	0	0	0	0
AT1G31690	0	0	0	0	0	0	0	0	0	0	0	0
AT2G01510	0	0	0	0	0	0	0	0	0	0	0	0
AT1G38065	0	0	0	0	0	0	0	0	0	0	0	0
AT3G56570	0	0	0	0	0	0	0	0	0	0	0	0
AT5G02890	0	0	0	0	0	0	0	0	0	0	0	0
AT3G53840	0	0	0	0	0	0	0	0	0	0	0	0
AT2G07599	0	0	0	0	0	0	0	0	0	0	0	0
AT5G24780	0	0	0	0	0	0	0	0	0	0	0	0
AT3G61113	0	0	0	0	0	0	0	0	0	0	0	0
AT1G17665	0	0	0	0	0	0	0	0	0	0	0	0
AT4G00480	0	0	0	0	0	0	0	0	0	0	0	0
AT3G07380	0	0	0	0	0	0	0	0	0	0	0	0
AT3G18070	0	0	0	0	0	0	0	0	0	0	0	0
AT1G25530	0	0	0	0	0	0	0	0	0	0	0	0
AT1G73700	0	0	0	0	0	0	0	0	0	0	0	0
AT1G25250	0	0	0	0	0	0	0	0	0	0	0	0
AT5G41315	0	0	0	0	0	0	0	0	0	0	0	0
AT1G72230	0	0	0	0	0	0	0	0	0	0	0	0
AT5G59200	0	0	0	0	0	0	0	0	0	0	0	0
AT1G67040	0	0	0	0	0	0	0	0	0	0	0	0
AT4G15210	0	0	0	0	0	0	0	0	0	0	0	0
AT1G73010	0	0	0	0	0	0	0	0	0	0	0	0
AT1G14642	0	0	0	0	0	0	0	0	0	0	0	0
AT3G12820	0	0	0	0	0	0	0	0	0	0	0	0
AT1G65890	0	0	0	0	0	0	0	0	0	0	0	0
AT3G23890	0	0	0	0	0	0	0	0	0	0	0	0
AT1G24020	0	0	0	0	0	0	0	0	0	0	0	0
AT1G04180	0	0	0	0	0	0	0	0	0	0	0	0
AT3G62050	0	0	0	0	0	0	0	0	0	0	0	0
AT1G14520	0	0	0	0	0	0	0	0	0	0	0	0
AT1G14630	0	0	0	0	0	0	0	0	0	0	0	0
AT5G25810	0	0	0	0	0	0	0	0	0	0	0	0
AT5G07660	0	0	0	0	0	0	0	0	0	0	0	0
AT5G62550	0	0	0	0	0	0	0	0	0	0	0	0
AT1G17190	0	0	0	0	0	0	0	0	0	0	0	0
AT1G11670	0	0	0	0	0	0	0	0	0	0	0	0
AT3G14890	0	0	0	0	0	0	0	0	0	0	0	0
AT5G06870	0	0	0	0	0	0	0	0	0	0	0	0
AT5G25370	0	0	0	0	0	0	0	0	0	0	0	0
AT5G01370	0	0	0	0	0	0	0	0	0	0	0	0
AT1G78530	0	0	0	0	0	0	0	0	0	0	0	0
AT5G26260	0	0	0	0	0	0	0	0	0	0	0	0
AT5G54690	0	0	0	0	0	0	0	0	0	0	0	0
AT3G03830	0	0	0	0	0	0	0	0	0	0	0	0
AT5G49170	0	0	0	0	0	0	0	0	0	0	0	0
AT5G23370	0	0	0	0	0	0	0	0	0	0	0	0
AT3G58070	0	0	0	0	0	0	0	0	0	0	0	0
AT2G28050	0	0	0	0	0	0	0	0	0	0	0	0
AT2G44570	0	0	0	0	0	0	0	0	0	0	0	0
AT2G42860	0	0	0	0	0	0	0	0	0	0	0	0
AT3G59890	0	0	0	0	0	0	0	0	0	0	0	0
AT3G61680	0	0	0	0	0	0	0	0	0	0	0	0
AT5G07140	0	0	0	0	0	0	0	0	0	0	0	0
AT4G01335	0	0	0	0	0	0	0	0	0	0	0	0
AT2G29500	0	0	0	0	0	0	0	0	0	0	0	0
AT5G02750	0	0	0	0	0	0	0	0	0	0	0	0
AT3G60330	0	0	0	0	0	0	0	0	0	0	0	0
AT1G19150	0	0	0	0	0	0	0	0	0	0	0	0
AT2G21200	0	0	0	0	0	0	0	0	0	0	0	0
AT4G00020	0	0	0	0	0	0	0	0	0	0	0	0
AT1G02460	0	0	0	0	0	0	0	0	0	0	0	0
AT3G23870	0	0	0	0	0	0	0	0	0	0	0	0
AT1G58807	0	0	0	0	0	0	0	0	0	0	0	0
AT3G10340	0	0	0	0	0	0	0	0	0	0	0	0
AT1G18880	0	0	0	0	0	0	0	0	0	0	0	0
AT1G10460	0	0	0	0	0	0	0	0	0	0	0	0
AT4G03100	0	0	0	0	0	0	0	0	0	0	0	0
AT4G35783	0	0	0	0	0	0	0	0	0	0	0	0
AT2G29440	0	0	0	0	0	0	0	0	0	0	0	0
AT1G73640	0	0	0	0	0	0	0	0	0	0	0	0
AT5G17460	0	0	0	0	0	0	0	0	0	0	0	0
AT3G60840	0	0	0	0	0	0	0	0	0	0	0	0
AT3G22840	0	0	0	0	0	0	0	0	0	0	0	0
AT3G16120	0	0	0	0	0	0	0	0	0	0	0	0
AT2G41990	0	0	0	0	0	0	0	0	0	0	0	0
AT1G03170	0	0	0	0	0	0	0	0	0	0	0	0
AT2G42840	0	0	0	0	0	0	0	0	0	0	0	0
AT4G34770	0	0	0	0	0	0	0	0	0	0	0	0
AT1G65060	0	0	0	0	0	0	0	0	0	0	0	0
AT3G18630	0	0	0	0	0	0	0	0	0	0	0	0
AT4G08590	0	0	0	0	0	0	0	0	0	0	0	0
AT5G20630	0	0	0	0	0	0	0	0	0	0	0	0
AT2G44578	0	0	0	0	0	0	0	0	0	0	0	0
AT5G19110	0	0	0	0	0	0	0	0	0	0	0	0
AT1G26790	0	0	0	0	0	0	0	0	0	0	0	0
AT3G02410	0	0	0	0	0	0	0	0	0	0	0	0
AT5G09980	0	0	0	0	0	0	0	0	0	0	0	0
AT1G34060	0	0	0	0	0	0	0	0	0	0	0	0
AT3G42800	0	0	0	0	0	0	0	0	0	0	0	0
AT1G52910	0	0	0	0	0	0	0	0	0	0	0	0
AT1G16390	0	0	0	0	0	0	0	0	0	0	0	0
AT1G03070	0	0	0	0	0	0	0	0	0	0	0	0
AT3G59710	0	0	0	0	0	0	0	0	0	0	0	0
AT5G44550	0	0	0	0	0	0	0	0	0	0	0	0
AT5G46220	0	0	0	0	0	0	0	0	0	0	0	0
AT3G04290	0	0	0	0	0	0	0	0	0	0	0	0
AT1G59850	0	0	0	0	0	0	0	0	0	0	0	0
AT3G44440	0	0	0	0	0	0	0	0	0	0	0	0
AT2G05810	0	0	0	0	0	0	0	0	0	0	0	0
AT2G01890	0	0	0	0	0	0	0	0	0	0	0	0
AT5G42210	0	0	0	0	0	0	0	0	0	0	0	0
AT3G16460	0	0	0	0	0	0	0	0	0	0	0	0
AT5G20860	0	0	0	0	0	0	0	0	0	0	0	0
AT1G23935	0	0	0	0	0	0	0	0	0	0	0	0
AT3G54730	0	0	0	0	0	0	0	0	0	0	0	0
AT5G10620	0	0	0	0	0	0	0	0	0	0	0	0
AT4G40090	0	0	0	0	0	0	0	0	0	0	0	0
AT2G17630	0	0	0	0	0	0	0	0	0	0	0	0
AT3G03170	0	0	0	0	0	0	0	0	0	0	0	0
AT4G26790	0	0	0	0	0	0	0	0	0	0	0	0
AT3G48660	0	0	0	0	0	0	0	0	0	0	0	0
AT2G45080	0	0	0	0	0	0	0	0	0	0	0	0
AT2G34850	0	0	0	0	0	0	0	0	0	0	0	0
AT1G54010	0	0	0	0	0	0	0	0	0	0	0	0
